17.75
18
11
15
14.5
16.75
10
17
20
18
16
17.75
11
18
14.5
16.75
15
17
10
20
18
16
17.75
11
18
14.5
16.75
15
17
10
20
18
16
17.75
18
11
14.5
15
16.75
17
20
10
18
17.75
18
11
16.75
15
14.5
10
20
17
18
16
17.75
11
18
16.75
14.5
15
20
17
10
18
16
17.75
11
18
14.5
15
16.75
17
20
10
18
16
17.75
18
11
15
16.75
14.5
10
20
17
18
16
17.75
18
11
16.75
15
14.5
20
17
10
18
16
17.75
18
11
16.75
15
14.5
10
17
20
18
16
17.75
18
11
16.75
15
14.5
17
20
10
18
16
17.75
11
18
16.75
14.5
15
20
17
10
18
17.75
11
18
16.75
15
14.5
10
20
17
18
16
17.75
11
18
14.5
15
16.75
10
20
17
18
16
17.75
11
18
14.5
16.75
15
20
17
10
18
16
17.75
18
11
16.75
15
14.5
10
20
17
18
16
17.75
11
18
14.5
16.75
15
17
10
20
18
16
17.75
11
18
16.75
15
14.5
20
17
10
18
17.75
18
11
16.75
15
14.5
20
10
17
18
16
17.75
18
11
16.75
15
14.5
20
10
17
18
16
17.75
18
11
14.5
16.75
15
17
10
20
18
16
17.75
18
11
14.5
16.75
15
17
20
10
18
16
17.75
11
18
16.75
14.5
15
17
20
10
18
16
