14
19.25
14.5
17
17.5
18.5
12
19.5
20
20
17
14
14.5
19.25
17.5
18.5
17
19.5
12
20
20
17
14
14.5
19.25
17.5
18.5
17
19.5
12
20
20
17
14
14.5
19.25
17.5
17
18.5
19.5
20
12
20
14
19.25
14.5
18.5
17
17.5
12
20
19.5
20
17
14
14.5
19.25
18.5
17.5
17
20
19.5
12
20
17
14
14.5
19.25
17.5
17
18.5
19.5
20
12
20
17
14
19.25
14.5
17
18.5
17.5
12
20
19.5
20
17
14
19.25
14.5
18.5
17
17.5
20
19.5
12
20
17
14
19.25
14.5
18.5
17
17.5
12
19.5
20
20
17
14
19.25
14.5
18.5
17
17.5
19.5
20
12
20
17
14
14.5
19.25
18.5
17.5
17
20
19.5
12
20
14
14.5
19.25
18.5
17
17.5
12
20
19.5
20
17
14
14.5
19.25
17.5
17
18.5
12
20
19.5
20
17
14
14.5
19.25
17.5
18.5
17
20
19.5
12
20
17
14
19.25
14.5
18.5
17
17.5
12
20
19.5
20
17
14
14.5
19.25
17.5
18.5
17
19.5
12
20
20
17
14
14.5
19.25
18.5
17
17.5
20
19.5
12
20
14
19.25
14.5
18.5
17
17.5
20
12
19.5
20
17
14
19.25
14.5
18.5
17
17.5
20
12
19.5
20
17
14
19.25
14.5
17.5
18.5
17
19.5
12
20
20
17
14
19.25
14.5
17.5
18.5
17
20
12
19.5
20
17
14
14.5
19.25
17.5
18.5
17
19.5
20
12
20
17
