15
20
18.25
16
18.25
17
15
18.5
17.25
19.75
18
15
18.25
20
18.25
17
16
18.5
15
17.25
19.75
18
15
18.25
20
18.25
17
16
18.5
15
17.25
19.75
18
15
20
18.25
18.25
16
17
18.5
17.25
15
19.75
15
20
18.25
17
16
18.25
15
17.25
18.5
19.75
18
15
18.25
20
17
18.25
16
17.25
18.5
15
19.75
18
15
18.25
20
18.25
16
17
18.5
17.25
15
19.75
18
15
20
18.25
16
17
18.25
15
17.25
18.5
19.75
18
15
20
18.25
17
16
18.25
17.25
18.5
15
19.75
18
15
20
18.25
17
16
18.25
15
18.5
17.25
19.75
18
15
20
18.25
17
16
18.25
18.5
17.25
15
19.75
18
15
18.25
20
17
18.25
16
17.25
18.5
15
19.75
15
18.25
20
17
16
18.25
15
17.25
18.5
19.75
18
15
18.25
20
18.25
16
17
15
17.25
18.5
19.75
18
15
18.25
20
18.25
17
16
17.25
18.5
15
19.75
18
15
20
18.25
17
16
18.25
15
17.25
18.5
19.75
18
15
18.25
20
18.25
17
16
18.5
15
17.25
19.75
18
15
18.25
20
17
16
18.25
17.25
18.5
15
19.75
15
20
18.25
17
16
18.25
17.25
15
18.5
19.75
18
15
20
18.25
17
16
18.25
17.25
15
18.5
19.75
18
15
20
18.25
18.25
17
16
18.5
15
17.25
19.75
18
15
20
18.25
18.25
17
16
18.5
17.25
15
19.75
18
15
18.25
20
18.25
17
16
18.5
17.25
15
19.75
18
15
20
18.25
18.25
17
16
17.25
18.5
15
19.75
18
15
18.25
20
18.25
17
16
18.5
15
17.25
19.75
15
18.25
20
18.25
17
16
18.5
17.25
15
19.75
18
15
20
18.25
18.25
17
16
15
17.25
18.5
19.75
18
15
20
18.25
17
16
18.25
17.25
15
18.5
19.75
18
15
20
18.25
18.25
16
17
18.5
17.25
15
19.75
18
