17.5
18
12.75
13
16
19.5
15
19.25
17.5
19.5
20
17.5
12.75
18
16
19.5
13
19.25
15
17.5
19.5
20
17.5
12.75
18
16
19.5
13
19.25
15
17.5
19.5
20
17.5
18
12.75
16
13
19.5
19.25
17.5
15
19.5
17.5
18
12.75
19.5
13
16
15
17.5
19.25
19.5
20
17.5
12.75
18
19.5
16
13
17.5
19.25
15
19.5
20
17.5
12.75
18
16
13
19.5
19.25
17.5
15
19.5
20
17.5
18
12.75
13
19.5
16
15
17.5
19.25
19.5
20
17.5
18
12.75
19.5
13
16
17.5
19.25
15
19.5
20
17.5
18
12.75
19.5
13
16
15
19.25
17.5
19.5
20
17.5
18
12.75
19.5
13
16
19.25
17.5
15
19.5
20
17.5
12.75
18
19.5
16
13
17.5
19.25
15
19.5
17.5
12.75
18
19.5
13
16
15
17.5
19.25
19.5
20
17.5
12.75
18
16
13
19.5
15
17.5
19.25
19.5
20
17.5
12.75
18
16
19.5
13
17.5
19.25
15
19.5
20
17.5
18
12.75
19.5
13
16
15
17.5
19.25
19.5
20
17.5
12.75
18
16
19.5
13
19.25
15
17.5
19.5
20
17.5
12.75
18
19.5
13
16
17.5
19.25
15
19.5
17.5
18
12.75
19.5
13
16
17.5
15
19.25
19.5
20
17.5
18
12.75
19.5
13
16
17.5
15
19.25
19.5
20
17.5
18
12.75
16
19.5
13
19.25
15
17.5
19.5
20
17.5
18
12.75
16
19.5
13
17.5
19.25
15
19.5
20
17.5
12.75
18
16
19.5
13
19.25
17.5
15
19.5
20
17.5
18
12.75
16
19.5
13
17.5
19.25
15
19.5
20
17.5
12.75
18
16
19.5
13
19.25
15
17.5
19.5
17.5
12.75
18
16
19.5
13
19.25
17.5
15
19.5
20
17.5
18
12.75
16
19.5
13
17.5
15
19.25
19.5
20
17.5
18
12.75
19.5
13
16
17.5
15
19.25
19.5
20
17.5
18
12.75
19.5
16
13
19.25
17.5
15
19.5
20
