17.25
17.75
13
10
15
17
11
20
16.75
20
18
17.25
13
17.75
15
17
10
20
11
16.75
20
18
17.25
13
17.75
15
17
10
20
11
16.75
20
18
17.25
13
17.75
15
10
17
20
16.75
11
20
17.25
17.75
13
17
10
15
11
16.75
20
20
18
17.25
13
17.75
17
15
10
16.75
20
11
20
18
17.25
13
17.75
15
10
17
20
16.75
11
20
18
17.25
17.75
13
10
17
15
11
16.75
20
20
18
17.25
17.75
13
17
10
15
16.75
20
11
20
18
17.25
17.75
13
17
10
15
11
20
16.75
20
18
17.25
17.75
13
17
10
15
20
16.75
11
20
18
17.25
13
17.75
17
15
10
16.75
20
11
20
17.25
13
17.75
17
10
15
11
16.75
20
20
18
17.25
13
17.75
15
10
17
11
16.75
20
20
18
17.25
13
17.75
15
17
10
16.75
20
11
20
18
17.25
17.75
13
17
10
15
11
16.75
20
20
18
17.25
13
17.75
15
17
10
20
11
16.75
20
18
17.25
13
17.75
17
10
15
16.75
20
11
20
17.25
17.75
13
17
10
15
16.75
11
20
20
18
17.25
17.75
13
17
10
15
16.75
11
20
20
18
17.25
17.75
13
15
17
10
20
11
16.75
20
18
17.25
17.75
13
15
17
10
16.75
11
20
20
18
17.25
13
17.75
15
17
10
20
16.75
11
20
18
17.25
17.75
13
15
17
10
16.75
20
11
20
18
17.25
13
17.75
15
17
10
20
11
16.75
20
17.25
13
17.75
15
17
10
20
16.75
11
20
18
17.25
13
17.75
15
17
10
16.75
20
11
20
18
17.25
17.75
13
17
10
15
16.75
11
20
20
18
